[gd_scene format=3 uid="uid://didceu31s7ost"]

[ext_resource type="Script" uid="uid://ej2sswse3103" path="res://scenes/skillhitboxes/SkillHitbox.cs" id="1_anld5"]

[sub_resource type="CylinderShape3D" id="CylinderShape3D_1rmmp"]
height = 0.67614746
radius = 0.9995117

[node name="Circlehitbox" type="Node3D" unique_id=2100823002 node_paths=PackedStringArray("area")]
script = ExtResource("1_anld5")
area = NodePath("Area3D")

[node name="Area3D" type="Area3D" parent="." unique_id=1159206110]

[node name="CollisionShape3D" type="CollisionShape3D" parent="Area3D" unique_id=1254665510]
transform = Transform3D(1, 0, 0, 0, 1, 0, 0, 0, 1, 0, 0.33441162, 0)
shape = SubResource("CylinderShape3D_1rmmp")

[node name="Label3D" type="Label3D" parent="." unique_id=856876063]
transform = Transform3D(1, 0, 0, 0, 0.092444874, 0.9957178, 0, -0.9957178, 0.092444874, 0, 0.20322526, 0)
text = "FIRE CIRCLE"
font_size = 61

[node name="Label3D2" type="Label3D" parent="." unique_id=819107768]
transform = Transform3D(1, 0, 0, 0, 0.092444874, 0.9957178, 0, -0.9957178, 0.092444874, 0, 0.20322526, 0.46822774)
text = "FIRE CIRCLE"
font_size = 42

[node name="Label3D3" type="Label3D" parent="." unique_id=790909645]
transform = Transform3D(1, 0, 0, 0, 0.092444874, 0.9957178, 0, -0.9957178, 0.092444874, 0, 0.20322526, -0.4212376)
text = "FIRE CIRCLE"
font_size = 42

[node name="Label3D4" type="Label3D" parent="." unique_id=859226122]
transform = Transform3D(1, 0, 0, 0, 0.092444874, 0.9957178, 0, -0.9957178, 0.092444874, 0, 0.20322526, -0.77982885)
text = "FIRE CIRCLE"
font_size = 22

[node name="Label3D5" type="Label3D" parent="." unique_id=1387131072]
transform = Transform3D(1, 0, 0, 0, 0.092444874, 0.9957178, 0, -0.9957178, 0.092444874, 0, 0.20322526, 0.8184933)
text = "FIRE CIRCLE"
font_size = 22
